862772077
2153667273
500132468
183306980
163497810
206949179
602544504
1568684154
2090862600
1718205153
25666251
268104679
282205422
252654502
68657824
691595084
1748624132
1981594837
583488946
588762453
630447890
1667097125
240463305
1471325250
93892475
1014804901
115150843
460684459
1130309551
1063353101
458014013
517180132
294414615
1067414470
2389000955
224350882
2159413889
55304938
2524985566
3639842
1084249327
3774618040
3240262377
300626468
2898922726
4135270215
17419247
29140508
1022005258
116767355
778032887
2164171948
372462867
2905555886
371414437
30396043
343924524
210411289
239716868
4415242860
903646403
100439376
61250002
169031229
4850425660
2546089254
581681359
537373599
577313088
2180998364
287680243
660986918
229242437
1187958353
263659088
680037642
489922855
782116118
105207600
567205099
189003958
1012554832
651945348
270095087
1155160656
2108063575
144296202
1622609550
2076633687
71464010
368249219
87959475
178646547
366254173
2858929172
2190942402
116246662
5242042
629892690
1827689904
9641234
1134382791
83223643
458433901
276050916
120683624
2347967073
1427987267
3796603
2586545277
390265359
5890722
570718768
474300099
404593309
296195741
369368648
132698905
202962676
4479915
1041443516
145061633
998346253
414163408
679524730
197207345
101365925
496985271
40254729
835635610
229716519
464872209
90649684
788722618
498993900
1063642548
491976879
538662883
1036058832
910382051
2904412258
265806392
165843696
4895001366
1700973971
2344655753
76001441
961359160
492180691
46191231
844732197
100863722
1545884759
208154841
453452546
118600713
180140847
1884518164
113636744
943051462
608306221
1593723107
499333039
508575458
185595814
720566152
1500984390
59684191
2223258850
378143662
226916138
2787603388
40646672
436218319
176986759
1706334147
1201979974
190586246
24411171
175193143
208484564
1264284199
764678375
2430225879
159658737
508356105
191671577
928793843
461023391
439290611
200402195
344632024
35163777
58919523
513508773
1143155489
463219888
420432392
725629322
304972357
3795394658
246605701
24430554
2562352612
647728072
485270709
390052670
1589641895
1701886814
